22.77823817.16417711.9303857.0394872.458858-1.840120-5.882650-9.691011-13.284982-16.682169-19.898300groundU = 0.455565
groundV = -0.219092
groundW = 0.036328
groundK1 = 42.890408
groundK2 = 94.147774
groundA = -9.396926
groundB = 3.420201
