Data=[-2.000000, -2.301896, -2.585558, -2.852590, -3.104413, -3.342290, -3.567348, -3.780597, -3.982942, -4.175199, -4.358104];
groundU = -2.000000
groundV = 0.187939
groundW = 0.032139
groundK1 = -50.000000
groundK2 = 100.000000
groundA = -9.396926
groundB = 3.213938
guessU = -2.000000
