Data=[0.000000, 4.556397, 8.837603, 12.867819, 16.668486, 20.258677, 23.655399, 26.873884, 29.927805, 32.829460, 35.589970];
groundU = -0.020000
groundV = 46.984631
groundW = 0.321394
